4.237798800000000199e+01 -7.109104299999999910e+01
4.236811500000000308e+01 -7.110122300000000450e+01
4.237805399999999878e+01 -7.115163699999999380e+01
4.239782840000000164e+01 -7.114126570000000527e+01
4.237785399999999925e+01 -7.112096599999999569e+01
4.239523259999999993e+01 -7.114252890000000207e+01
4.237827560000000204e+01 -7.111061580000000504e+01
4.236776470000000216e+01 -7.111108539999999323e+01
4.236767629999999940e+01 -7.108110240000000601e+01
4.237752700000000061e+01 -7.113155199999999923e+01
4.238795180000000329e+01 -7.112133690000000286e+01
4.235791300000000348e+01 -7.111103799999999353e+01
4.236757899999999921e+01 -7.114074499999999546e+01
4.231773799999999852e+01 -7.107199699999999609e+01
4.231824999999999903e+01 -7.110124999999999318e+01
4.231760500000000036e+01 -7.109129400000000487e+01
4.235796990000000051e+01 -7.114081489999999519e+01
4.235820199999999858e+01 -7.113123299999999460e+01
4.235545369999999821e+01 -7.106051429999999414e+01
4.230796500000000293e+01 -7.106158700000000294e+01
4.234880640000000085e+01 -7.109497500000000514e+01
4.235024200000000150e+01 -7.117457699999999932e+01
4.234828410000000076e+01 -7.107160770000000127e+01
4.234812469999999962e+01 -7.106112419999999474e+01
4.234757599999999655e+01 -7.116131099999999776e+01
4.233809300000000064e+01 -7.105168740000000582e+01
4.233786039999999673e+01 -7.102191550000000575e+01
4.233828050000000331e+01 -7.115066790000000196e+01
4.229830400000000168e+01 -7.107102199999999925e+01
4.233805219999999991e+01 -7.104160869999999761e+01
4.234009170000000211e+01 -7.116613940000000582e+01
4.233377620000000263e+01 -7.110561939999999481e+01
4.232825199999999910e+01 -7.111074700000000348e+01
4.232985879999999668e+01 -7.103315779999999791e+01
4.233164599999999922e+01 -7.109613779999999394e+01
4.232826599999999928e+01 -7.109227599999999825e+01
4.233319130000000285e+01 -7.110958700000000476e+01
4.228762400000000099e+01 -7.116149199999999553e+01
4.228773900000000197e+01 -7.117146599999999523e+01
4.228806399999999854e+01 -7.105157699999999465e+01
4.233007570000000186e+01 -7.111129099999999426e+01
4.227814999999999657e+01 -7.112156749999999761e+01
4.231160320000000041e+01 -7.105367859999999780e+01
4.233764390000000333e+01 -7.109543920000000128e+01
4.233969669999999752e+01 -7.115776089999999954e+01
4.224860749999999854e+01 -7.113157359999999585e+01
4.234848999999999819e+01 -7.113523800000000108e+01
4.234805870000000283e+01 -7.113121300000000247e+01
4.227779300000000262e+01 -7.114083899999999971e+01
4.227810399999999902e+01 -7.113039100000000303e+01
4.235238069999999766e+01 -7.106259009999999421e+01
4.229845199999999750e+01 -7.117177599999999416e+01
4.227747200000000305e+01 -7.110062999999999533e+01
4.227764799999999923e+01 -7.115113200000000404e+01
4.237768229999999647e+01 -7.106156420000000651e+01
4.227227839999999759e+01 -7.114250930000000039e+01
4.230777100000000246e+01 -7.107114500000000135e+01
4.227776999999999674e+01 -7.108188499999999976e+01
4.229812199999999933e+01 -7.108108400000000415e+01
4.226796399999999920e+01 -7.111148599999999931e+01
4.234813559999999910e+01 -7.115117709999999818e+01
4.235810610000000054e+01 -7.107100099999999543e+01
4.227757859999999823e+01 -7.106171910000000480e+01
4.231781500000000307e+01 -7.108096500000000617e+01
4.234771800000000042e+01 -7.114091100000000267e+01
4.226718530000000129e+01 -7.116082049999999981e+01
4.224789909999999793e+01 -7.111157640000000413e+01
4.224795259999999786e+01 -7.112178830000000573e+01
4.225693609999999723e+01 -7.113109099999999785e+01
4.228781699999999688e+01 -7.114192599999999800e+01
4.228795300000000168e+01 -7.107117440000000386e+01
4.227810999999999808e+01 -7.107222299999999393e+01
4.228788600000000031e+01 -7.109033399999999858e+01
4.230802529999999706e+01 -7.109134500000000401e+01
4.233583010000000257e+01 -7.110007969999999489e+01
4.233804940000000272e+01 -7.106155409999999506e+01
4.223801499999999720e+01 -7.114302399999999693e+01
4.227750000000000341e+01 -7.111131000000000313e+01
4.230823900000000037e+01 -7.113093299999999886e+01
4.229735060000000146e+01 -7.105142460000000426e+01
4.229725460000000226e+01 -7.109050539999999785e+01
4.228827499999999873e+01 -7.112113499999999533e+01
4.226780200000000320e+01 -7.115116999999999337e+01
4.235851399999999956e+01 -7.112299400000000560e+01
4.224792999999999665e+01 -7.114095600000000275e+01
4.227793189999999868e+01 -7.116130569999999977e+01
4.226762000000000086e+01 -7.110113400000000183e+01
4.232844819999999686e+01 -7.111000500000000102e+01
4.227780400000000327e+01 -7.109104899999999816e+01
4.237768200000000007e+01 -7.105172000000000310e+01
4.228812700000000291e+01 -7.113129299999999944e+01
4.230795570000000083e+01 -7.111097700000000543e+01
4.235072100000000006e+01 -7.103419300000000192e+01
4.234044649999999876e+01 -7.108892919999999549e+01
4.237802949999999669e+01 -7.107017190000000539e+01
4.236821439999999939e+01 -7.113105269999999791e+01
4.233809800000000223e+01 -7.108156200000000524e+01
4.236648939999999897e+01 -7.106762109999999666e+01
4.225833140000000299e+01 -7.114068489999999656e+01
4.235820040000000120e+01 -7.116171520000000328e+01
4.231698420000000027e+01 -7.110409129999999323e+01
4.228788949999999858e+01 -7.104163549999999816e+01
4.231771100000000274e+01 -7.111064700000000016e+01
4.236330099999999987e+01 -7.105841499999999655e+01
4.229758929999999850e+01 -7.111078159999999571e+01
4.229819299999999771e+01 -7.106076600000000099e+01
4.225813850000000116e+01 -7.115043550000000039e+01
4.231076500000000351e+01 -7.110765700000000322e+01
4.230749899999999997e+01 -7.110142000000000451e+01
4.228822300000000212e+01 -7.111174900000000321e+01
4.228725099999999770e+01 -7.106123499999999638e+01
4.232985299999999995e+01 -7.105736220000000003e+01
4.228779399999999811e+01 -7.108125200000000632e+01
4.226774590000000131e+01 -7.109223640000000444e+01
4.227073910000000012e+01 -7.106405870000000391e+01
4.228822699999999912e+01 -7.118178799999999740e+01
4.229821199999999948e+01 -7.116162500000000080e+01
4.234809500000000071e+01 -7.117199899999999957e+01
4.231785949999999730e+01 -7.106117489999999748e+01
4.236790609999999901e+01 -7.106129889999999705e+01
4.236793500000000279e+01 -7.105191399999999646e+01
4.234266860000000321e+01 -7.108522910000000650e+01
4.226782999999999646e+01 -7.117152099999999848e+01
4.227778500000000150e+01 -7.118189499999999725e+01
4.232741459999999734e+01 -7.113104570000000137e+01
4.233788169999999695e+01 -7.114090509999999767e+01
4.233455610000000036e+01 -7.114857870000000162e+01
4.233690279999999717e+01 -7.114552849999999751e+01
4.232589149999999734e+01 -7.116228099999999301e+01
4.234486770000000178e+01 -7.111087609999999870e+01
4.234202470000000318e+01 -7.112122370000000160e+01
4.234793700000000172e+01 -7.112106400000000406e+01
4.230756000000000228e+01 -7.115102000000000260e+01
4.233778759999999863e+01 -7.113151039999999625e+01
4.231920000000000215e+01 -7.115299000000000262e+01
4.231852399999999648e+01 -7.113068660000000420e+01
4.231842000000000326e+01 -7.117123999999999739e+01
4.231637429999999966e+01 -7.117592030000000136e+01
4.233983729999999923e+01 -7.113093039999999689e+01
4.233788799999999952e+01 -7.114203039999999589e+01
4.229803960000000274e+01 -7.115106640000000482e+01
4.234341690000000114e+01 -7.111714179999999885e+01
4.231840069999999798e+01 -7.114085049999999910e+01
4.234811049999999710e+01 -7.111152439999999331e+01
4.234395359999999897e+01 -7.111427580000000148e+01
4.230749999999999744e+01 -7.115997000000000128e+01
4.233835619999999977e+01 -7.113876770000000249e+01
4.234020919999999677e+01 -7.112875019999999893e+01
4.234603649999999675e+01 -7.110670369999999707e+01
4.232858999999999838e+01 -7.112078999999999951e+01
4.232732000000000028e+01 -7.115063000000000670e+01
4.232775000000000176e+01 -7.114095000000000368e+01
4.233946319999999730e+01 -7.113553930000000491e+01
4.239917810000000031e+01 -7.108647539999999765e+01
4.237758430000000232e+01 -7.108087749999999971e+01
4.238825010000000049e+01 -7.109129040000000543e+01
4.238746439999999893e+01 -7.111132310000000700e+01
4.237779400000000152e+01 -7.110187700000000177e+01
4.239826500000000209e+01 -7.111044099999999446e+01
4.240830299999999653e+01 -7.113143900000000031e+01
4.238837759999999832e+01 -7.108166869999999449e+01
4.239795349999999985e+01 -7.112142910000000029e+01
4.235308280000000281e+01 -7.106471480000000440e+01
4.235788569999999709e+01 -7.105134920000000420e+01
4.227909549999999683e+01 -7.104427560000000597e+01
4.228209290000000209e+01 -7.104199490000000594e+01
4.238850630000000308e+01 -7.111912010000000350e+01
4.233739390000000213e+01 -7.111110229999999888e+01
4.234755340000000245e+01 -7.104077929999999697e+01
4.236550319999999914e+01 -7.110385839999999291e+01
4.233779330000000130e+01 -7.101111109999999371e+01
4.233892769999999928e+01 -7.100958439999999428e+01
4.233081169999999815e+01 -7.101525859999999568e+01
4.233675999999999817e+01 -7.101012780000000646e+01
4.233067080000000004e+01 -7.101567529999999806e+01
4.233914390000000338e+01 -7.101022509999999954e+01
4.233007920000000013e+01 -7.104142349999999340e+01
4.239773790000000275e+01 -7.109067120000000273e+01
4.233195390000000202e+01 -7.111207869999999787e+01
4.239344239999999786e+01 -7.107752779999999859e+01
4.236554530000000085e+01 -7.106124540000000422e+01
4.239672259999999682e+01 -7.112216050000000678e+01
4.235486579999999890e+01 -7.104428289999999890e+01
4.236652670000000143e+01 -7.104961799999999528e+01
4.236777810000000244e+01 -7.107080799999999954e+01
4.230762539999999916e+01 -7.112067639999999358e+01
4.232767030000000119e+01 -7.105092829999999537e+01
4.234160450000000253e+01 -7.108329980000000603e+01
4.238880979999999710e+01 -7.114969279999999685e+01
4.229768359999999916e+01 -7.112102059999999426e+01
4.237060610000000338e+01 -7.107674299999999334e+01
4.227072489999999760e+01 -7.107338609999999335e+01
4.236247190000000273e+01 -7.108614690000000280e+01
4.236770669999999939e+01 -7.109103450000000635e+01
4.235805309999999935e+01 -7.110200179999999648e+01
4.228771129999999800e+01 -7.110194219999999632e+01
4.231505949999999672e+01 -7.103364440000000002e+01
4.237392950000000269e+01 -7.106936020000000553e+01
4.235253399999999857e+01 -7.105527360000000670e+01
4.236524670000000015e+01 -7.104935650000000180e+01
4.231788739999999649e+01 -7.105105600000000265e+01
4.231578609999999685e+01 -7.103407389999999566e+01
4.233807199999999682e+01 -7.115310250000000281e+01
4.234093690000000265e+01 -7.115065789999999879e+01
4.234160200000000174e+01 -7.114591710000000546e+01
4.234389860000000283e+01 -7.114290230000000292e+01
4.234854560000000134e+01 -7.113775139999999908e+01
4.235028020000000026e+01 -7.113114389999999787e+01
4.235203409999999735e+01 -7.112507759999999735e+01
4.234937159999999778e+01 -7.110046760000000177e+01
4.234977090000000288e+01 -7.110375340000000222e+01
4.235013349999999832e+01 -7.110667320000000302e+01
4.235121560000000329e+01 -7.111583939999999870e+01
4.235155029999999954e+01 -7.111862449999999569e+01
4.235171019999999942e+01 -7.112139740000000643e+01
4.231757029999999986e+01 -7.116151089999999613e+01
4.233993499999999699e+01 -7.101401470000000415e+01
4.235965130000000300e+01 -7.105167620000000284e+01
4.234539670000000200e+01 -7.110414500000000260e+01
4.235005480000000233e+01 -7.107747750000000053e+01
4.230806259999999952e+01 -7.105118090000000564e+01
4.235774930000000182e+01 -7.106149499999999364e+01
4.233821960000000217e+01 -7.103143500000000188e+01
4.231393640000000289e+01 -7.103341960000000199e+01
4.237751070000000198e+01 -7.114098339999999610e+01
4.236771470000000051e+01 -7.112197799999999859e+01
4.235791530000000193e+01 -7.109141270000000645e+01
4.239575700000000325e+01 -7.114995460000000094e+01
4.235881309999999900e+01 -7.105776419999999405e+01
4.234709959999999995e+01 -7.103172619999999426e+01
4.234252330000000342e+01 -7.105721619999999916e+01
4.233604760000000056e+01 -7.108919290000000046e+01
4.234128669999999772e+01 -7.111063959999999895e+01
4.235096910000000037e+01 -7.111379429999999502e+01
4.225808010000000081e+01 -7.112092330000000118e+01
4.235855120000000085e+01 -7.115065819999999519e+01
4.233805720000000150e+01 -7.116130040000000179e+01
4.234117439999999988e+01 -7.112562529999999583e+01
4.234769150000000337e+01 -7.110112979999999538e+01
4.235640860000000174e+01 -7.106238299999999697e+01
4.230810910000000291e+01 -7.108140749999999741e+01
4.237718689999999810e+01 -7.104793580000000475e+01
4.237769279999999839e+01 -7.104778330000000608e+01
4.236132669999999933e+01 -7.106212279999999737e+01
4.230054779999999681e+01 -7.111357150000000615e+01
4.234806199999999876e+01 -7.108795990000000131e+01
4.234943419999999747e+01 -7.106388839999999618e+01
4.234553439999999824e+01 -7.108166780000000529e+01
4.232788970000000006e+01 -7.108120599999999456e+01
4.234929069999999740e+01 -7.103025409999999340e+01
4.234973500000000257e+01 -7.103137379999999723e+01
4.231902060000000176e+01 -7.112015100000000700e+01
4.235965800000000314e+01 -7.105927710000000275e+01
4.239671069999999986e+01 -7.108144289999999899e+01
4.229307289999999853e+01 -7.106582840000000090e+01
4.230025030000000186e+01 -7.106174160000000484e+01
4.235190169999999910e+01 -7.107084299999999644e+01
4.232766720000000049e+01 -7.110136669999999981e+01
4.233787360000000177e+01 -7.109111819999999682e+01
4.229790119999999831e+01 -7.113161719999999377e+01
4.233787439999999691e+01 -7.107118160000000273e+01
4.239628220000000169e+01 -7.107916439999999625e+01
4.234745749999999731e+01 -7.107581279999999424e+01
4.234783110000000050e+01 -7.108183219999999380e+01
4.226904290000000231e+01 -7.108282869999999320e+01
4.230996400000000079e+01 -7.104265589999999975e+01
4.229992730000000023e+01 -7.104391379999999856e+01
4.229774679999999876e+01 -7.110105249999999444e+01
4.228474820000000278e+01 -7.106457140000000550e+01
4.227133500000000055e+01 -7.106817660000000103e+01
4.227248310000000231e+01 -7.106258780000000286e+01
4.236011400000000293e+01 -7.108314239999999984e+01
4.233261879999999877e+01 -7.111636059999999304e+01
4.227318689999999890e+01 -7.105472690000000568e+01
4.232327519999999765e+01 -7.109909399999999380e+01
4.233596680000000134e+01 -7.114112230000000636e+01
4.233127120000000332e+01 -7.112661649999999725e+01
4.233606580000000008e+01 -7.114931269999999586e+01
4.227968779999999782e+01 -7.106050960000000316e+01
4.233425239999999690e+01 -7.110466040000000021e+01
4.238387120000000152e+01 -7.107726040000000012e+01
4.238112370000000340e+01 -7.104780169999999373e+01
4.232791770000000042e+01 -7.106144690000000708e+01
4.234824299999999653e+01 -7.105091099999999926e+01
4.230862530000000277e+01 -7.113930170000000430e+01
4.238810639999999808e+01 -7.114147690000000068e+01
4.238779379999999719e+01 -7.110155000000000314e+01
4.238783200000000306e+01 -7.113134349999999984e+01
4.233799210000000102e+01 -7.112127660000000162e+01
4.226767699999999905e+01 -7.113145620000000235e+01
4.226802550000000025e+01 -7.112091329999999800e+01
4.228747450000000185e+01 -7.115152740000000620e+01
4.226801489999999717e+01 -7.109161339999999996e+01
4.232803220000000266e+01 -7.107154800000000705e+01
4.232068000000000296e+01 -7.105230269999999848e+01
4.233832249999999675e+01 -7.110078140000000246e+01
4.231771719999999704e+01 -7.104188689999999440e+01
4.234843990000000247e+01 -7.114061660000000131e+01
4.231249350000000220e+01 -7.103425479999999936e+01
4.234688640000000248e+01 -7.102466409999999541e+01
4.239817339999999746e+01 -7.113107100000000571e+01
4.237367400000000117e+01 -7.111882190000000037e+01
4.238735669999999800e+01 -7.107178679999999815e+01
4.226871589999999657e+01 -7.109057959999999809e+01
4.225786500000000245e+01 -7.116118009999999572e+01
4.236129929999999888e+01 -7.107048650000000123e+01
4.223759640000000104e+01 -7.113171680000000663e+01
4.229712810000000189e+01 -7.114095910000000345e+01
4.227791109999999719e+01 -7.117125679999999477e+01
4.234751889999999719e+01 -7.109099369999999851e+01
